After
NB: 0.837660
LR: 0.889140
RF: 0.838480
SVM: 0.892300
CART: 0.712160


