After
NB: 0.764460
LR: 0.792660
RF: 0.783820
SVM: 0.791900
CART: 0.694600


