After
NB: 0.842540
LR: 0.890540
RF: 0.835440
SVM: 0.894520
CART: 0.713760


