After
NB: 0.844320
LR: 0.889940
RF: 0.835700
SVM: 0.895520
CART: 0.715920


