After
NB: 0.803400
LR: 0.862620
RF: 0.827780
SVM: 0.861480
CART: 0.710520


