After
NB: 0.841540
LR: 0.890660
RF: 0.835940
SVM: 0.894840
CART: 0.714100


