After
NB: 0.840720
LR: 0.889780
RF: 0.834540
SVM: 0.893000
CART: 0.715180


