After
NB: 0.841960
LR: 0.889920
RF: 0.835400
SVM: 0.896280
CART: 0.715600


