After
NB: 0.841640
LR: 0.890280
RF: 0.836600
SVM: 0.895400
CART: 0.714140


