After
NB: 0.842020
LR: 0.889980
RF: 0.836080
SVM: 0.892940
CART: 0.715520


