After
NB: 0.846340
LR: 0.890620
RF: 0.835420
SVM: 0.895280
CART: 0.717160


