After
NB: 0.283640
LR: 0.341920
RF: 0.510300
SVM: 0.352200
CART: 0.515320


