After
NB: 0.244580
LR: 0.302660
RF: 0.503800
SVM: 0.317760
CART: 0.516460


