After
NB: 0.230540
LR: 0.281320
RF: 0.501340
SVM: 0.300920
CART: 0.510440


