After
NB: 0.221280
LR: 0.267520
RF: 0.500900
SVM: 0.291180
CART: 0.510080


