After
NB: 0.260280
LR: 0.322180
RF: 0.505360
SVM: 0.334020
CART: 0.512420


