After
NB: 0.310480
LR: 0.363920
RF: 0.511320
SVM: 0.370580
CART: 0.514760


