After
NB: 0.218880
LR: 0.258300
RF: 0.506400
SVM: 0.285920
CART: 0.513040


