After
NB: 0.428220
LR: 0.437080
RF: 0.480620
SVM: 0.443040
CART: 0.489720


