After
NB: 0.346140
LR: 0.398100
RF: 0.521460
SVM: 0.401080
CART: 0.515160


