After
NB: 0.496040
LR: 0.496620
RF: 0.497180
SVM: 0.500520
CART: 0.496620


