After
NB: 0.866220
LR: 0.895640
RF: 0.855740
SVM: 0.899620
CART: 0.723980


