After
NB: 0.864540
LR: 0.896220
RF: 0.853940
SVM: 0.899380
CART: 0.721380


