After
NB: 0.861720
LR: 0.895600
RF: 0.856000
SVM: 0.896420
CART: 0.724620


