After
NB: 0.847640
LR: 0.878700
RF: 0.840440
SVM: 0.877960
CART: 0.716140


