After
NB: 0.865580
LR: 0.895340
RF: 0.855300
SVM: 0.898700
CART: 0.721360


