After
NB: 0.865660
LR: 0.896260
RF: 0.855100
SVM: 0.899500
CART: 0.724920


