After
NB: 0.865440
LR: 0.895960
RF: 0.854940
SVM: 0.898900
CART: 0.721740


