After
NB: 0.865060
LR: 0.896100
RF: 0.853760
SVM: 0.899600
CART: 0.721000


