After
NB: 0.737640
LR: 0.746940
RF: 0.736080
SVM: 0.746400
CART: 0.634720


