After
NB: 0.866120
LR: 0.895660
RF: 0.855440
SVM: 0.898820
CART: 0.718880


