After
NB: 0.865860
LR: 0.897580
RF: 0.856260
SVM: 0.899520
CART: 0.722640


