After
NB: 0.863400
LR: 0.894940
RF: 0.842760
SVM: 0.900260
CART: 0.712320


