After
NB: 0.869920
LR: 0.886640
RF: 0.842700
SVM: 0.891460
CART: 0.711700


