After
NB: 0.862620
LR: 0.894820
RF: 0.840240
SVM: 0.900960
CART: 0.711440


