After
NB: 0.862360
LR: 0.892360
RF: 0.841220
SVM: 0.896700
CART: 0.713920


