After
NB: 0.866020
LR: 0.891160
RF: 0.843060
SVM: 0.895780
CART: 0.714560


