After
NB: 0.863720
LR: 0.892220
RF: 0.842840
SVM: 0.897220
CART: 0.712440


