After
NB: 0.862360
LR: 0.894020
RF: 0.841960
SVM: 0.899860
CART: 0.715140


