After
NB: 0.868040
LR: 0.890780
RF: 0.843060
SVM: 0.893740
CART: 0.713180


