After
NB: 0.809880
LR: 0.833060
RF: 0.800140
SVM: 0.832860
CART: 0.694840


