After
NB: 0.862280
LR: 0.893880
RF: 0.844020
SVM: 0.899920
CART: 0.713680


