After
NB: 0.632500
LR: 0.749080
RF: 0.742100
SVM: 0.742680
CART: 0.715620


