After
NB: 0.861920
LR: 0.894080
RF: 0.841640
SVM: 0.898600
CART: 0.718320


