After
NB: 0.624220
LR: 0.626640
RF: 0.610120
SVM: 0.624880
CART: 0.566640


