After
NB: 0.493720
LR: 0.494760
RF: 0.501180
SVM: 0.493920
CART: 0.501340


