After
NB: 0.540140
LR: 0.545600
RF: 0.538200
SVM: 0.544360
CART: 0.531320


