After
NB: 0.809420
LR: 0.829800
RF: 0.785960
SVM: 0.832060
CART: 0.658900


