After
NB: 0.494420
LR: 0.494420
RF: 0.494440
SVM: 0.497040
CART: 0.494440


