After
NB: 0.753140
LR: 0.768220
RF: 0.736680
SVM: 0.769940
CART: 0.623040


