After
NB: 0.785380
LR: 0.802500
RF: 0.763420
SVM: 0.804320
CART: 0.639500


