After
NB: 0.863800
LR: 0.895100
RF: 0.843220
SVM: 0.901040
CART: 0.714500


