After
NB: 0.829300
LR: 0.855740
RF: 0.806320
SVM: 0.858600
CART: 0.677120


