After
NB: 0.700660
LR: 0.708840
RF: 0.684560
SVM: 0.708260
CART: 0.583580


