After
NB: 0.861740
LR: 0.894440
RF: 0.844000
SVM: 0.896980
CART: 0.713360


