After
NB: 0.783960
LR: 0.793500
RF: 0.762800
SVM: 0.794560
CART: 0.641340


