After
NB: 0.858720
LR: 0.888220
RF: 0.839860
SVM: 0.892780
CART: 0.709280


