After
NB: 0.826300
LR: 0.845640
RF: 0.802940
SVM: 0.847180
CART: 0.672760


