After
NB: 0.555480
LR: 0.565120
RF: 0.552960
SVM: 0.561600
CART: 0.544740


