After
NB: 0.853320
LR: 0.879480
RF: 0.831640
SVM: 0.884120
CART: 0.708400


