After
NB: 0.812160
LR: 0.829300
RF: 0.793280
SVM: 0.829960
CART: 0.667080


