After
NB: 0.838100
LR: 0.858260
RF: 0.812740
SVM: 0.860920
CART: 0.682280


