After
NB: 0.713340
LR: 0.720200
RF: 0.696020
SVM: 0.720520
CART: 0.593780


