After
NB: 0.847120
LR: 0.872380
RF: 0.828440
SVM: 0.875620
CART: 0.699660


