After
NB: 0.496040
LR: 0.496040
RF: 0.496660
SVM: 0.496040
CART: 0.496040


