After
NB: 0.579760
LR: 0.580320
RF: 0.559180
SVM: 0.579340
CART: 0.543220


