After
NB: 0.543560
LR: 0.546060
RF: 0.540460
SVM: 0.544420
CART: 0.530140


