After
NB: 0.494300
LR: 0.494040
RF: 0.494300
SVM: 0.494040
CART: 0.494440


