After
NB: 0.564660
LR: 0.569140
RF: 0.552980
SVM: 0.566360
CART: 0.536800


