After
NB: 0.550740
LR: 0.557520
RF: 0.545160
SVM: 0.556760
CART: 0.532840


