After
NB: 0.526080
LR: 0.528780
RF: 0.528540
SVM: 0.527200
CART: 0.520620


