After
NB: 0.661920
LR: 0.654500
RF: 0.611980
SVM: 0.648820
CART: 0.584260


