After
NB: 0.000000
LR: 0.000000
RF: 0.000000
SVM: 0.000000
CART: 0.000000


