After
NB: 0.586980
LR: 0.588460
RF: 0.567680
SVM: 0.587920
CART: 0.547520


