After
NB: 0.511060
LR: 0.512040
RF: 0.516860
SVM: 0.511700
CART: 0.512940


