After
NB: 0.853320
LR: 0.881120
RF: 0.836540
SVM: 0.884740
CART: 0.708040


