After
NB: 0.790780
LR: 0.803000
RF: 0.776160
SVM: 0.801940
CART: 0.666580


