After
NB: 0.829640
LR: 0.850540
RF: 0.808660
SVM: 0.851340
CART: 0.689160


