After
NB: 0.813760
LR: 0.829460
RF: 0.795920
SVM: 0.830280
CART: 0.675180


