After
NB: 0.838800
LR: 0.861960
RF: 0.818760
SVM: 0.864400
CART: 0.699520


