After
NB: 0.857640
LR: 0.886860
RF: 0.837360
SVM: 0.892620
CART: 0.710500


