After
NB: 0.556620
LR: 0.569260
RF: 0.559160
SVM: 0.566620
CART: 0.552820


