After
NB: 0.715940
LR: 0.721120
RF: 0.694760
SVM: 0.718540
CART: 0.600480


