After
NB: 0.859440
LR: 0.889040
RF: 0.838800
SVM: 0.895180
CART: 0.706600


