After
NB: 0.848540
LR: 0.874860
RF: 0.830960
SVM: 0.877740
CART: 0.706540


