After
NB: 0.876000
LR: 0.892900
RF: 0.847420
SVM: 0.894880
CART: 0.734100


