After
NB: 0.886440
LR: 0.901220
RF: 0.855640
SVM: 0.907380
CART: 0.723840


