After
NB: 0.879580
LR: 0.898180
RF: 0.855480
SVM: 0.903680
CART: 0.723460


