After
NB: 0.885780
LR: 0.900360
RF: 0.855340
SVM: 0.906980
CART: 0.722140


