After
NB: 0.884280
LR: 0.899700
RF: 0.856500
SVM: 0.906300
CART: 0.721660


