After
NB: 0.886500
LR: 0.900800
RF: 0.855400
SVM: 0.907760
CART: 0.724960


