After
NB: 0.883420
LR: 0.899660
RF: 0.856640
SVM: 0.905240
CART: 0.718840


