After
NB: 0.848300
LR: 0.854080
RF: 0.824720
SVM: 0.854960
CART: 0.740200


