After
NB: 0.880860
LR: 0.898580
RF: 0.855880
SVM: 0.905160
CART: 0.719900


