After
NB: 0.882160
LR: 0.899600
RF: 0.856120
SVM: 0.904840
CART: 0.723240


