After
NB: 0.862920
LR: 0.895220
RF: 0.843060
SVM: 0.900660
CART: 0.714420


