After
NB: 0.862580
LR: 0.894740
RF: 0.841820
SVM: 0.901340
CART: 0.717080


