After
NB: 0.863880
LR: 0.895780
RF: 0.843080
SVM: 0.902180
CART: 0.714560


