After
NB: 0.859900
LR: 0.895560
RF: 0.846180
SVM: 0.898480
CART: 0.720360


