After
NB: 0.862720
LR: 0.895140
RF: 0.842140
SVM: 0.901740
CART: 0.712680


