After
NB: 0.847920
LR: 0.882420
RF: 0.840960
SVM: 0.881800
CART: 0.706360


