After
NB: 0.863080
LR: 0.895860
RF: 0.843860
SVM: 0.900580
CART: 0.715340


