After
NB: 0.863300
LR: 0.896600
RF: 0.844340
SVM: 0.901160
CART: 0.714740


