After
NB: 0.863420
LR: 0.895880
RF: 0.844760
SVM: 0.900540
CART: 0.716880


