After
NB: 0.864500
LR: 0.896280
RF: 0.844360
SVM: 0.900780
CART: 0.718700


