After
NB: 0.614880
LR: 0.670860
RF: 0.646700
SVM: 0.673780
CART: 0.591920


