After
NB: 0.625780
LR: 0.701560
RF: 0.677000
SVM: 0.705060
CART: 0.607400


