After
NB: 0.651380
LR: 0.745980
RF: 0.717180
SVM: 0.751060
CART: 0.628340


