After
NB: 0.528900
LR: 0.548120
RF: 0.547340
SVM: 0.548680
CART: 0.546800


