After
NB: 0.621420
LR: 0.694560
RF: 0.670860
SVM: 0.697820
CART: 0.610320


