After
NB: 0.495600
LR: 0.497080
RF: 0.496080
SVM: 0.497040
CART: 0.495860


