After
NB: 0.619580
LR: 0.688380
RF: 0.665660
SVM: 0.691780
CART: 0.607560


