After
NB: 0.608720
LR: 0.659160
RF: 0.637620
SVM: 0.657520
CART: 0.596720


