After
NB: 0.580580
LR: 0.611320
RF: 0.598680
SVM: 0.610000
CART: 0.580160


