After
NB: 0.636600
LR: 0.715940
RF: 0.693280
SVM: 0.720180
CART: 0.616200


