After
NB: 0.595100
LR: 0.644340
RF: 0.624540
SVM: 0.642120
CART: 0.587200


