After
NB: 0.873200
LR: 0.896840
RF: 0.842060
SVM: 0.904160
CART: 0.711380


