After
NB: 0.883320
LR: 0.900920
RF: 0.846260
SVM: 0.908080
CART: 0.718260


