After
NB: 0.876160
LR: 0.897740
RF: 0.842560
SVM: 0.904640
CART: 0.717340


