After
NB: 0.881000
LR: 0.899040
RF: 0.844700
SVM: 0.907600
CART: 0.716620


