After
NB: 0.879520
LR: 0.898220
RF: 0.844740
SVM: 0.906380
CART: 0.717360


