After
NB: 0.877460
LR: 0.897760
RF: 0.842300
SVM: 0.905280
CART: 0.716740


