After
NB: 0.878600
LR: 0.897380
RF: 0.842700
SVM: 0.906100
CART: 0.714600


