After
NB: 0.882780
LR: 0.900360
RF: 0.843980
SVM: 0.907920
CART: 0.717040


