After
NB: 0.882120
LR: 0.898880
RF: 0.845080
SVM: 0.907580
CART: 0.716120


