After
NB: 0.874840
LR: 0.894000
RF: 0.843840
SVM: 0.896240
CART: 0.720820


