After
NB: 0.677440
LR: 0.681240
RF: 0.639600
SVM: 0.684660
CART: 0.562580


