After
NB: 0.605000
LR: 0.600880
RF: 0.552500
SVM: 0.595500
CART: 0.517780


