After
NB: 0.697380
LR: 0.693980
RF: 0.647860
SVM: 0.701460
CART: 0.569280


