After
NB: 0.765700
LR: 0.754960
RF: 0.705420
SVM: 0.770060
CART: 0.602020


