After
NB: 0.657080
LR: 0.664300
RF: 0.620620
SVM: 0.665100
CART: 0.556960


