After
NB: 0.497080
LR: 0.497280
RF: 0.497160
SVM: 0.497200
CART: 0.497040


