After
NB: 0.841000
LR: 0.856000
RF: 0.801320
SVM: 0.864800
CART: 0.686720


