After
NB: 0.517220
LR: 0.525940
RF: 0.524340
SVM: 0.526160
CART: 0.523480


