After
NB: 0.804760
LR: 0.806840
RF: 0.756080
SVM: 0.817280
CART: 0.643360


