After
NB: 0.720460
LR: 0.711420
RF: 0.663860
SVM: 0.722900
CART: 0.575900


