After
NB: 0.739740
LR: 0.728220
RF: 0.678280
SVM: 0.743840
CART: 0.585180


