After
NB: 0.864600
LR: 0.885640
RF: 0.833040
SVM: 0.893240
CART: 0.695600


