After
NB: 0.828080
LR: 0.886780
RF: 0.833440
SVM: 0.889900
CART: 0.717920


