After
NB: 0.824200
LR: 0.882840
RF: 0.835600
SVM: 0.883760
CART: 0.720140


