After
NB: 0.823680
LR: 0.878160
RF: 0.835460
SVM: 0.879680
CART: 0.722360


