After
NB: 0.835800
LR: 0.887480
RF: 0.835300
SVM: 0.891060
CART: 0.720160


