After
NB: 0.830960
LR: 0.887080
RF: 0.832960
SVM: 0.891520
CART: 0.717480


