After
NB: 0.826200
LR: 0.884860
RF: 0.835800
SVM: 0.887140
CART: 0.720520


