After
NB: 0.845380
LR: 0.891020
RF: 0.838600
SVM: 0.896440
CART: 0.714020


