After
NB: 0.644280
LR: 0.742320
RF: 0.736500
SVM: 0.741140
CART: 0.723640


