After
NB: 0.827200
LR: 0.886240
RF: 0.835840
SVM: 0.890000
CART: 0.721960


