After
NB: 0.826540
LR: 0.885720
RF: 0.835400
SVM: 0.888140
CART: 0.718680


