After
NB: 0.773720
LR: 0.816300
RF: 0.794840
SVM: 0.814600
CART: 0.728920


