After
NB: 0.674160
LR: 0.741840
RF: 0.690960
SVM: 0.744640
CART: 0.576920


