After
NB: 0.671560
LR: 0.694620
RF: 0.656680
SVM: 0.695800
CART: 0.560260


