After
NB: 0.674740
LR: 0.734980
RF: 0.685380
SVM: 0.740340
CART: 0.571100


