After
NB: 0.693000
LR: 0.758460
RF: 0.702540
SVM: 0.764140
CART: 0.578060


