After
NB: 0.681540
LR: 0.750040
RF: 0.694340
SVM: 0.753360
CART: 0.581080


