After
NB: 0.770560
LR: 0.794980
RF: 0.734560
SVM: 0.802860
CART: 0.594840


