After
NB: 0.567300
LR: 0.579760
RF: 0.563920
SVM: 0.576880
CART: 0.539560


