After
NB: 0.673840
LR: 0.720800
RF: 0.676560
SVM: 0.722400
CART: 0.566520


