After
NB: 0.709920
LR: 0.763120
RF: 0.708260
SVM: 0.769200
CART: 0.579120


