After
NB: 0.734380
LR: 0.776620
RF: 0.717180
SVM: 0.784900
CART: 0.580760


