After
NB: 0.573480
LR: 0.599240
RF: 0.593080
SVM: 0.598920
CART: 0.583120


