After
NB: 0.860400
LR: 0.881520
RF: 0.829200
SVM: 0.888600
CART: 0.697600


