After
NB: 0.848200
LR: 0.863320
RF: 0.822200
SVM: 0.868040
CART: 0.684080


