After
NB: 0.858360
LR: 0.875440
RF: 0.829920
SVM: 0.881920
CART: 0.690000


