After
NB: 0.863440
LR: 0.886560
RF: 0.835320
SVM: 0.893000
CART: 0.697120


