After
NB: 0.855000
LR: 0.871680
RF: 0.825240
SVM: 0.876760
CART: 0.683000


