After
NB: 0.816080
LR: 0.825520
RF: 0.789240
SVM: 0.826840
CART: 0.672000


