After
NB: 0.841400
LR: 0.852360
RF: 0.810960
SVM: 0.856240
CART: 0.674520


