After
NB: 0.828480
LR: 0.840160
RF: 0.800280
SVM: 0.841480
CART: 0.674120


