After
NB: 0.731920
LR: 0.737200
RF: 0.709960
SVM: 0.738200
CART: 0.622400


