After
NB: 0.792480
LR: 0.796240
RF: 0.769120
SVM: 0.795880
CART: 0.663240


